6.1003402920e+03
1.1444286632e+02
1.1609196767e+02
2.0884505756e+01
2.4376845655e+01
2.1672396238e+01
5.4906780536e+01
-2.9994195529e+01
4.9307484681e-01
6.8589492197e-01
-6.4895875108e-02
-1.3526211662e+00
-5.2605410181e+00
-1.2024282392e+00
1.2188097711e+01
-2.6829644955e-01
4.6112829292e-01
7.3517510743e-01
-5.6593445309e-01
-1.4767932349e+00
1.6660464509e-01
7.8108032738e-01
-8.9980918341e-01
-1.2795373508e+00
-7.1692660448e-02
-4.2791930256e-01
8.1455142885e-01
1.5121797742e+00
-6.0265292928e-01
-5.1099908857e+00
9.9775167154e+00
7.7283049686e+00
-1.7903239178e-01
1.6332662105e+00
2.1103868274e+00
5.4161088459e+00
3.1674263865e-01
7.1686017643e-01
-1.4568404527e+01
-1.0925939486e-01
2.8221741982e-01
6.6801931763e-01
2.6767578179e-01
6.0259639109e-01
1.9818274954e-02
-6.6858399764e-01
-1.3119258059e+00
-3.8201764751e-01
-2.8218666164e-01
1.5347777063e-02
-1.6517697540e-01
-2.9837547081e-02
-1.1200835415e+00
1.1033326562e+01
2.9296607491e-01
4.4209152845e-01
3.1793820093e-01
6.1062581165e-01
-4.8813309542e-01
-1.2293191304e+00
-3.8732682525e-01
-2.7353081936e+00
3.1080125727e-01
-8.4481562489e-01
-6.7196391090e-01
